255 255 255 255 255 255 255 255 255 255 255 255 255 255 255 255
255 255 255 255 255 252 254 253 253 252 251 255 255 255 255 255
255 255 255 255 255   1 254  17  18 254   1 255 255 255 255 255
255 255 255 255 255   3 253  18  19 254   2 255 255 255 255 255
255 255 255 255   2 255 255 255 255 255 255   2 255 255 255 255
255 253   0   2 255   0   0   0   0   0   0 255   3   0 254 255
255 253 254 252 255   0   0   0   0   0   0 255 253 254 255 255
255 254  17  17 255   0   0   0   0   0   0 255  18  17 255 255
255 253  17  18 255   0   0   0   0   0   0 255  19  17 254 255
255 254 254 253 255   0   0   0   0   0   0 255 252 254 254 255
255 252   1   2 255   0   0   0   0   0   0 255   1   1 254 255
255 255 255 255   2 255 255 255 255 255 255   3 255 255 255 255
255 255 255 255 255   3 253  19  19 251   2 255 255 255 255 255
255 255 255 255 255   1 254  17  18 254   1 255 255 255 255 255
255 255 255 255 255 253 255 255 255 255 254 255 255 255 255 255
255 255 255 255 255 255 255 255 255 255 255 255 255 255 255 255
255 255 255 255 255 255 255 255 255 255 255 255 255 255 255 255
255 255 255 255 255 252 254 253 253 252 251 255 255 255 255 255
255 255 255 255 255   1 254  17  18 254   1 255 255 255 255 255
255 255 255 255 255   3 253  18  19 254   2 255 255 255 255 255
255 255 255 255   2 255 255 255 255 255 255   2 255 255 255 255
255 253   0   2 255   0   0   0   0   0   0 255   3   0 254 255
255 253 254 252 255   0   0   0   0   0   0 255 253 254 255 255
255 254  17  17 255   0   0   0   0   0   0 255  18  17 255 255
255 253  17  18 255   0   0   0   0   0   0 255  19  17 254 255
255 254 254 253 255   0   0   0   0   0   0 255 252 254 254 255
255 252   1   2 255   0   0   0   0   0   0 255   1   1 254 255
255 255 255 255   2 255 255 255 255 255 255   3 255 255 255 255
255 255 255 255 255   3 253  19  19 251   2 255 255 255 255 255
255 255 255 255 255   1 254  17  18 254   1 255 255 255 255 255
255 255 255 255 255 253 255 255 255 255 254 255 255 255 255 255
255 255 255 255 255 255 255 255 255 255 255 255 255 255 255 255
255 255 255 255 255 255 255 255 255 255 255 255 255 255 255 255
255 255 255 255 255 252 254 253 253 252 251 255 255 255 255 255
255 255 255 255 255   1 254  17  18 254   1 255 255 255 255 255
255 255 255 255 255   3 253  18  19 254   2 255 255 255 255 255
255 255 255 255   2 255 255 255 255 255 255   2 255 255 255 255
255 253   0   2 255   0   0   0   0   0   0 255   3   0 254 255
255 253 254 252 255   0   0   0   0   0   0 255 253 254 255 255
255 254  17  17 255   0   0   0   0   0   0 255  18  17 255 255
255 253  17  18 255   0   0   0   0   0   0 255  19  17 254 255
255 254 254 253 255   0   0   0   0   0   0 255 252 254 254 255
255 252   1   2 255   0   0   0   0   0   0 255   1   1 254 255
255 255 255 255   2 255 255 255 255 255 255   3 255 255 255 255
255 255 255 255 255   3 253  19  19 251   2 255 255 255 255 255
255 255 255 255 255   1 254  17  18 254   1 255 255 255 255 255
255 255 255 255 255 253 255 255 255 255 254 255 255 255 255 255
255 255 255 255 255 255 255 255 255 255 255 255 255 255 255 255

255 255 255 255 255 255 255 255 255 255 255 255 255 255 255 255
255 255 255 255 255 254 255 255 254 254 254 255 255 255 255 255
255 255 255 255 255   0 254  17  17 254   1 255 255 255 255 255
255 255 255 255 255   3 253  18  19 252   1 255 255 255 255 255
255 255 255 255   2 255 255 255 255 255 255   3 255 255 255 255
255 251   1   2 255   0   0   0   0   0   0 255   2   1 254 255
255 252 254 254 255   0   0   0   0   0   0 255 251 254 255 255
255 253  18  19 255   0   0   0   0   0   0 255  19  18 255 255
255 253  17  18 255   0   0   0   0   0   0 255  19  17 255 255
255 254 254 253 255   0   0   0   0   0   0 255 253 254 255 255
255 252   1   3 255   0   0   0   0   0   0 255   3   1 253 255
255 255 255 255   2 255 255 255 255 255 255   2 255 255 255 255
255 255 255 255 255   2 252  17  18 253   2 255 255 255 255 255
255 255 255 255 255   0 254  17  17 254   1 255 255 255 255 255
255 255 255 255 255 253 253 254 253 254 252 255 255 255 255 255
255 255 255 255 255 255 255 255 255 255 255 255 255 255 255 255
255 255 255 255 255 255 255 255 255 255 255 255 255 255 255 255
255 255 255 255 255 254 255 255 254 254 254 255 255 255 255 255
255 255 255 255 255   0 254  17  17 254   1 255 255 255 255 255
255 255 255 255 255   3 253  18  19 252   1 255 255 255 255 255
255 255 255 255   2 255 255 255 255 255 255   3 255 255 255 255
255 251   1   2 255   0   0   0   0   0   0 255   2   1 254 255
255 252 254 254 255   0   0   0   0   0   0 255 251 254 255 255
255 253  18  19 255   0   0   0   0   0   0 255  19  18 255 255
255 253  17  18 255   0   0   0   0   0   0 255  19  17 255 255
255 254 254 253 255   0   0   0   0   0   0 255 253 254 255 255
255 252   1   3 255   0   0   0   0   0   0 255   3   1 253 255
255 255 255 255   2 255 255 255 255 255 255   2 255 255 255 255
255 255 255 255 255   2 252  17  18 253   2 255 255 255 255 255
255 255 255 255 255   0 254  17  17 254   1 255 255 255 255 255
255 255 255 255 255 253 253 254 253 254 252 255 255 255 255 255
255 255 255 255 255 255 255 255 255 255 255 255 255 255 255 255
255 255 255 255 255 255 255 255 255 255 255 255 255 255 255 255
255 255 255 255 255 254 255 255 254 254 254 255 255 255 255 255
255 255 255 255 255   0 254  17  17 254   1 255 255 255 255 255
255 255 255 255 255   3 253  18  19 252   1 255 255 255 255 255
255 255 255 255   2 255 255 255 255 255 255   3 255 255 255 255
255 251   1   2 255   0   0   0   0   0   0 255   2   1 254 255
255 252 254 254 255   0   0   0   0   0   0 255 251 254 255 255
255 253  18  19 255   0   0   0   0   0   0 255  19  18 255 255
255 253  17  18 255   0   0   0   0   0   0 255  19  17 255 255
255 254 254 253 255   0   0   0   0   0   0 255 253 254 255 255
255 252   1   3 255   0   0   0   0   0   0 255   3   1 253 255
255 255 255 255   2 255 255 255 255 255 255   2 255 255 255 255
255 255 255 255 255   2 252  17  18 253   2 255 255 255 255 255
255 255 255 255 255   0 254  17  17 254   1 255 255 255 255 255
255 255 255 255 255 253 253 254 253 254 252 255 255 255 255 255
255 255 255 255 255 255 255 255 255 255 255 255 255 255 255 255

255 255 255 255 255 255 255 255 255 255 255 255 255 255 255 255
255 255 255 255 254 194 201 213 212 200 193 254 255 255 255 255
255 255 255 255 254  79 100 133 132  99  79 255 255 255 255 255
255 255 255 255 249 117 132 157 157 131 116 249 255 255 255 255
255 254 254 249  96  79  79  79  79  79  79  93 249 254 254 255
255 194  79 117  79   0   0   0   0   0   0  76 114  79 197 255
255 201 100 132  79   0   0   0   0   0   0  76 130 100 204 255
255 213 133 157  79   0   0   0   0   0   0  76 155 133 215 255
255 212 132 156  79   0   0   0   0   0   0  76 155 132 215 255
255 200  99 131  79   0   0   0   0   0   0  76 129  99 204 255
255 193  78 116  79   0   0   0   0   0   0  76 114  78 197 255
255 254 254 249  94  76  76  76  76  76  76  92 249 254 254 255
255 255 255 255 249 114 130 155 155 129 114 249 255 255 255 255
255 255 255 255 254  79 100 133 132  99  79 255 255 255 255 255
255 255 255 255 254 197 204 215 215 204 197 254 255 255 255 255
255 255 255 255 255 255 255 255 255 255 255 255 255 255 255 255
255 255 255 255 255 255 255 255 255 255 255 255 255 255 255 255
255 255 255 255 254 194 201 213 212 200 193 254 255 255 255 255
255 255 255 255 254  79 100 133 132  99  79 255 255 255 255 255
255 255 255 255 249 117 132 157 157 131 116 249 255 255 255 255
255 254 254 249  96  79  79  79  79  79  79  93 249 254 254 255
255 194  79 117  79   0   0   0   0   0   0  76 114  79 197 255
255 201 100 132  79   0   0   0   0   0   0  76 130 100 204 255
255 213 133 157  79   0   0   0   0   0   0  76 155 133 215 255
255 212 132 156  79   0   0   0   0   0   0  76 155 132 215 255
255 200  99 131  79   0   0   0   0   0   0  76 129  99 204 255
255 193  78 116  79   0   0   0   0   0   0  76 114  78 197 255
255 254 254 249  94  76  76  76  76  76  76  92 249 254 254 255
255 255 255 255 249 114 130 155 155 129 114 249 255 255 255 255
255 255 255 255 254  79 100 133 132  99  79 255 255 255 255 255
255 255 255 255 254 197 204 215 215 204 197 254 255 255 255 255
255 255 255 255 255 255 255 255 255 255 255 255 255 255 255 255
255 255 255 255 255 255 255 255 255 255 255 255 255 255 255 255
255 255 255 255 254 194 201 213 212 200 193 254 255 255 255 255
255 255 255 255 254  79 100 133 132  99  79 255 255 255 255 255
255 255 255 255 249 117 132 157 157 131 116 249 255 255 255 255
255 254 254 249  96  79  79  79  79  79  79  93 249 254 254 255
255 194  79 117  79   0   0   0   0   0   0  76 114  79 197 255
255 201 100 132  79   0   0   0   0   0   0  76 130 100 204 255
255 213 133 157  79   0   0   0   0   0   0  76 155 133 215 255
255 212 132 156  79   0   0   0   0   0   0  76 155 132 215 255
255 200  99 131  79   0   0   0   0   0   0  76 129  99 204 255
255 193  78 116  79   0   0   0   0   0   0  76 114  78 197 255
255 254 254 249  94  76  76  76  76  76  76  92 249 254 254 255
255 255 255 255 249 114 130 155 155 129 114 249 255 255 255 255
255 255 255 255 254  79 100 133 132  99  79 255 255 255 255 255
255 255 255 255 254 197 204 215 215 204 197 254 255 255 255 255
255 255 255 255 255 255 255 255 255 255 255 255 255 255 255 255

255 255 255 255 255 255 255 255 255 255 255 255 255 255 255 255
255 255 255 255 255 195 203 214 214 202 195 255 255 255 255 255
255 255 255 255 254  79 100 133 133 100  79 254 255 255 255 255
255 255 255 255 249 116 131 156 157 131 116 249 255 255 255 255
255 255 255 249  94  78  78  78  78  78  78  94 249 255 255 255
255 196  80 116  78   0   0   0   0   0   0  78 116  80 195 255
255 203 100 131  78   0   0   0   0   0   0  78 131 100 202 255
255 215 133 157  78   0   0   0   0   0   0  78 156 133 214 255
255 215 133 156  78   0   0   0   0   0   0  78 156 133 214 255
255 203 100 131  78   0   0   0   0   0   0  78 131 100 202 255
255 196  79 116  78   0   0   0   0   0   0  78 116  79 195 255
255 255 255 249  94  78  78  78  78  78  78  94 249 255 255 255
255 255 255 255 249 116 131 156 156 131 116 249 255 255 255 255
255 255 255 255 254  79 100 133 133 100  79 254 255 255 255 255
255 255 255 255 255 196 203 215 215 203 196 255 255 255 255 255
255 255 255 255 255 255 255 255 255 255 255 255 255 255 255 255
255 255 255 255 255 255 255 255 255 255 255 255 255 255 255 255
255 255 255 255 255 195 203 214 214 202 195 255 255 255 255 255
255 255 255 255 254  79 100 133 133 100  79 254 255 255 255 255
255 255 255 255 249 116 131 156 157 131 116 249 255 255 255 255
255 255 255 249  94  78  78  78  78  78  78  94 249 255 255 255
255 196  80 116  78   0   0   0   0   0   0  78 116  80 195 255
255 203 100 131  78   0   0   0   0   0   0  78 131 100 202 255
255 215 133 157  78   0   0   0   0   0   0  78 156 133 214 255
255 215 133 156  78   0   0   0   0   0   0  78 156 133 214 255
255 203 100 131  78   0   0   0   0   0   0  78 131 100 202 255
255 196  79 116  78   0   0   0   0   0   0  78 116  79 195 255
255 255 255 249  94  78  78  78  78  78  78  94 249 255 255 255
255 255 255 255 249 116 131 156 156 131 116 249 255 255 255 255
255 255 255 255 254  79 100 133 133 100  79 254 255 255 255 255
255 255 255 255 255 196 203 215 215 203 196 255 255 255 255 255
255 255 255 255 255 255 255 255 255 255 255 255 255 255 255 255
255 255 255 255 255 255 255 255 255 255 255 255 255 255 255 255
255 255 255 255 255 195 203 214 214 202 195 255 255 255 255 255
255 255 255 255 254  79 100 133 133 100  79 254 255 255 255 255
255 255 255 255 249 116 131 156 157 131 116 249 255 255 255 255
255 255 255 249  94  78  78  78  78  78  78  94 249 255 255 255
255 196  80 116  78   0   0   0   0   0   0  78 116  80 195 255
255 203 100 131  78   0   0   0   0   0   0  78 131 100 202 255
255 215 133 157  78   0   0   0   0   0   0  78 156 133 214 255
255 215 133 156  78   0   0   0   0   0   0  78 156 133 214 255
255 203 100 131  78   0   0   0   0   0   0  78 131 100 202 255
255 196  79 116  78   0   0   0   0   0   0  78 116  79 195 255
255 255 255 249  94  78  78  78  78  78  78  94 249 255 255 255
255 255 255 255 249 116 131 156 156 131 116 249 255 255 255 255
255 255 255 255 254  79 100 133 133 100  79 254 255 255 255 255
255 255 255 255 255 196 203 215 215 203 196 255 255 255 255 255
255 255 255 255 255 255 255 255 255 255 255 255 255 255 255 255
